{
  "advancedEditorSelectedIdentifier" : "BehaviorsPluginID",
  "openSceneRelativePaths" : [
    "Immersive.usda"
  ],
  "recentIdentifiers" : {
    "AF09ED6F-1707-48FD-8720-65B998362C09" : [

    ],
    "D66134B1-3681-4A8E-AFE5-29F257229F3B" : [

    ]
  },
  "sceneCameraHistory" : {
    "AF09ED6F-1707-48FD-8720-65B998362C09" : [
      {
        "date" : 754863599.997797,
        "title" : "Untitled",
        "transform" : [
          0.9955135,
          1.9181368e-08,
          -0.09461968,
          0,
          -0.02234005,
          0.97172743,
          -0.23504634,
          0,
          0.09194418,
          0.2361056,
          0.96736777,
          0,
          0.5685973,
          0.42083168,
          -1.9047732,
          1
        ]
      },
      {
        "date" : 754026932.488035,
        "title" : "Untitled",
        "transform" : [
          0.9955135,
          1.9181368e-08,
          -0.09461968,
          0,
          -0.02234005,
          0.97172743,
          -0.23504634,
          0,
          0.09194418,
          0.2361056,
          0.96736777,
          0,
          -0.47719488,
          1.3017515,
          1.7051218,
          1
        ]
      },
      {
        "date" : 754026920.597137,
        "title" : "Untitled",
        "transform" : [
          0.9942026,
          1.9181368e-08,
          -0.107523136,
          0,
          -0.02538663,
          0.97172743,
          -0.23473683,
          0,
          0.10448282,
          0.2361056,
          0.9660939,
          0,
          -0.24184895,
          1.677352,
          3.2350006,
          1
        ]
      },
      {
        "date" : 754026902.0814,
        "title" : "Untitled",
        "transform" : [
          0.9942026,
          1.9181368e-08,
          -0.107523136,
          0,
          -0.02538663,
          0.97172743,
          -0.23473683,
          0,
          0.10448282,
          0.2361056,
          0.9660939,
          0,
          1.1385087,
          12.251305,
          15.239515,
          1
        ]
      },
      {
        "date" : 754026873.168218,
        "title" : "Untitled",
        "transform" : [
          0.9942026,
          1.9181368e-08,
          -0.107523136,
          0,
          -0.02538663,
          0.97172743,
          -0.23473683,
          0,
          0.10448282,
          0.2361056,
          0.9660939,
          0,
          0.097088635,
          1.0447549,
          1.2995806,
          1
        ]
      },
      {
        "date" : 754026853.742164,
        "title" : "Untitled",
        "transform" : [
          0.99779385,
          1.954052e-08,
          -0.06638843,
          0,
          -0.024520012,
          0.9292927,
          -0.3685294,
          0,
          0.061693937,
          0.36934423,
          0.9272426,
          0,
          0.06385869,
          1.2777824,
          0.5656245,
          1
        ]
      },
      {
        "date" : 754026846.532208,
        "title" : "Untitled",
        "transform" : [
          0.9992178,
          1.9426697e-08,
          -0.03954592,
          0,
          -0.011923463,
          0.9534619,
          -0.30127776,
          0,
          0.03770518,
          0.30151358,
          0.95271605,
          0,
          -0.02858913,
          1.0231286,
          0.61624575,
          1
        ]
      },
      {
        "date" : 754026837.267124,
        "title" : "Untitled",
        "transform" : [
          0.9982681,
          1.9379591e-08,
          -0.0588283,
          0,
          -0.017873118,
          0.9527291,
          -0.3032951,
          0,
          0.05604709,
          0.30382127,
          0.95107925,
          0,
          0.043457806,
          1.0296127,
          0.6248803,
          1
        ]
      },
      {
        "date" : 754026826.893112,
        "title" : "Untitled",
        "transform" : [
          0.99999887,
          1.9281597e-08,
          0.0015126178,
          0,
          0.00048608315,
          0.9469981,
          -0.32123882,
          0,
          -0.0014327931,
          0.32123917,
          0.9469971,
          0,
          -0.173491,
          1.094771,
          0.5425489,
          1
        ]
      },
      {
        "date" : 754026807.137078,
        "title" : "Untitled",
        "transform" : [
          0.99700516,
          2.2160469e-08,
          0.077335164,
          0,
          0.028249977,
          0.93089354,
          -0.36419663,
          0,
          -0.07199115,
          0.36529064,
          0.92810553,
          0,
          0.006655216,
          0.8968633,
          -0.6515343,
          1
        ]
      }
    ]
  },
  "sceneViewportBackgroundColors" : {

  },
  "selectedSceneRelativePath" : "Immersive.usda"
}